5
14
33
43
29
9
66
10
47
83
33
67
95
50
64
100
5
32
18
54
24
15
49
100
66
66
93
55
39
4
80
97
27
36
46
74
63
35
33
69
77
85
31
100
67
93
33
39
70
7
32
52
98
86
51
31
68
70
4
73
85
46
22
91
85
68
31
34
98
47
40
26
98
97
1
21
34
85
89
44
33
31
72
58
74
80
85
19
65
98
82
21
68
94
97
47
16
32
40
49
88
28
35
7
71
12
98
100
95
74
46
27
56
77
13
40
40
99
17
20
13
82
81
19
78
49
88
4
35
58
30
68
8
60
17
4
90
41
51
37
83
57
78
93
30
5
65
65
94
49
70
2
61
61
59
22
88
16
91
91
85
37
77
76
2
6
51
12
34
96
88
56
51
80
64
81
65
39
79
95
50
75
11
10
34
3
43
6
77
27
36
52
93
53
85
45
73
28
59
67
24
43
7
70
54
82
53
50
62
51
68
95
24
15
91
63
43
5
19
25
12
83
50
55
14
66
1
14
63
60
94
81
88
70
64
1
53
32
17
96
85
3
29
30
92
45
81
35
9
3
51
4
37
15
71
69
68
83
91
64
61
37
87
73
67
6
41
20
79
81
64
20
29
62
76
67
35
73
34
35
41
27
86
72
43
75
65
86
30
99
88
48
57
17
48
10
95
99
88
67
98
39
96
6
97
42
47
62
86
34
32
100
88
82
9
44
58
49
29
3
90
28
98
75
62
7
32
99
61
42
86
22
59
97
8
64
66
26
54
84
76
78
13
47
2
39
39
92
63
52
37
91
85
72
31
61
7
33
59
22
22
85
91
14
47
57
88
61
14
44
62
50
51
65
39
26
45
55
39
63
30
26
30
84
41
28
38
31
82
60
14
1
98
46
89
64
7
8
72
85
14
45
27
85
8
84
46
56
71
76
65
24
48
66
33
16
90
87
1
52
9
74
78
31
40
71
62
95
5
53
15
71
32
66
68
1
2
19
84
78
60
11
18
57
38
55
88
87
10
26
55
2
80
3
95
27
49
8
89
42
38
33
38
52
18
38
43
87
30
72
18
51
100
71
65
9
80
25
25
21
40
71
8
14
13
83
23
65
38
73
2
59
31
15
92
91
73
41
22
2
88
58
15
36
71
6
68
94
57
91
75
61
47
5
87
60
17
93
64
46
55
9
98
16
68
38
64
65
75
65
57
17
77
38
77
68
62
91
85
51
78
88
60
1
33
2
12
34
88
58
50
63
72
60
94
95
64
55
40
74
9
89
18
16
74
5
12
41
35
39
75
41
20
24
8
37
29
47
67
87
53
31
61
28
96
52
64
79
5
2
75
71
25
79
49
85
34
34
49
31
64
74
65
20
24
39
34
66
57
43
59
80
99
99
20
73
83
61
19
96
52
64
28
84
37
90
36
69
66
20
65
74
59
67
62
67
3
42
7
47
34
23
39
78
68
33
57
28
17
89
74
78
50
74
17
63
29
84
90
100
4
29
53
65
49
17
53
84
48
54
92
2
66
84
5
98
86
88
89
36
17
69
40
12
98
88
54
74
19
88
10
37
31
43
18
94
34
46
15
15
8
77
81
43
55
18
98
50
29
20
58
32
83
86
47
71
11
48
26
20
45
70
92
94
25
6
35
78
12
7
70
38
92
63
97
42
31
59
79
9
55
92
99
16
11
44
42
52
18
40
97
5
96
49
86
94
37
13
70
64
30
64
76
69
87
14
15
23
1
80
53
55
81
44
26
36
45
2
51
33
69
43
6
60
52
100
65
94
28
19
92
61
38
68
43
17
89
77
27
64
91
69
65
71
1
5
85
84
82
9
14
97
22
61
21
48
75
14
33
64
22
66
42
34
28
12
91
43
23
97
66
50
15
73
53
71
41
35
38
63
48
72
64
98
2
66
25
81
80
81
88
32
31
17
83
65
36
17
43
50
71
32
20
52
1
2
32
74
82
47
29
22
61
72
77
54
33
69
55
56
48
92
24
14
65
44
12
53
74
73
36
43
86
94
17
12
31
21
10
83
48
4
93
1
18
30
23
73
53
90
43
27
11
72
49
69
4
6
42
48
44
3
79
18
66
62
75
88
73
60
23
52
52
11
65
41
60
37
13
33
11
26
42
1
18
58
10
48
54
82
41
40
7
28
44
13
29
71
39
4
76
73
32
72
81
12
55
37
43
59
21
100
70
8
15
71
43
33
12
34
43
79
52
80
56
14
46
41
37
89
39
83
26
13
9
73
70
21
77
83
