784213
361405
602948
778125
896752
641978
560191
516717
597319
978950
854285
806620
533220
345513
714572
874475
379623
256496
362168
423399
602130
851860
892805
589808
332918
731652
283748
961646
847720
343588
950353
928023
295712
807271
379484
522610
383678
812785
970223
262957
675350
539519
935778
586114
950982
962946
889398
493591
770455
597319
248277
673872
929867
942418
859098
333679
281459
560461
953489
564261
558624
771119
686392
359813
899773
668624
887521
808549
981542
307805
820598
625882
511155
267073
366414
249311
913798
894223
573586
252847
452268
696528
769676
611465
553926
772823
270255
839241
443327
659013
631762
416089
268038
544822
402196
252556
346719
402347
604789
923698
643166
949340
952984
252343
699604
477544
665307
783766
692635
601661
471954
630625
594260
915907
310765
758733
891218
896189
326427
868798
855020
404361
521639
789750
566307
903677
531399
468272
931714
600772
340539
471503
466962
551230
938564
771969
952068
425140
345268
492889
784786
926749
659018
783421
326175
575725
760847
818885
547475
612081
952627
946804
290401
366014
399455
734591
360637
719184
573721
945298
505634
289902
588826
477619
303090
796218
303869
471364
416528
578682
641757
877133
405502
559961
680586
932497
473402
544719
330375
979146
334516
872208
523732
395938
489542
975620
515946
778812
740576
510170
800204
521761
546770
410496
877259
686005
831511
834477
347772
670448
536999
697495
621842
324175
913686
975087
534782
654215
402534
947052
565832
703892
275050
850899
783022
606793
641360
708923
751361
839359
816342
735814
252587
297004
890677
849066
366385
829629
979977
379153
741959
309782
958463
796211
529242
663548
940354
758629
936200
854861
354838
868113
964153
947175
546843
434446
477184
770229
914954
732227
914836
491752
407607
676734
642065
411438
973887
906336
653694
252439
869956
526321
429791
891873
385628
410386
656676
682087
579151
380473
606018
364096
258999
475453
643536
304652
829854
417729
472389
690894
495701
815447
771771
618633
801930
340047
846268
941524
858378
332442
515796
592508
703319
800556
852364
374661
888423
561733
796547
605851
332388
612641
824791
623389
649611
578580
969246
793777
951261
936059
502065
923401
305302
635365
966847
960871
678433
722305
586576
764281
706902
327770
587712
641130
819407
519584
721600
795710
581192
244885
857639
411540
731294
761584
858556
336759
942774
521273
583357
309056
896472
896376
679632
499903
388735
908944
288540
804098
359034
640604
865493
303225
342556
922836
693665
663524
567081
597116
964764
861982
391606
632085
713487
332915
889380
603469
482858
420315
595037
749396
639766
550095
609806
343604
883646
347239
545557
571193
826693
355182
311379
591330
810857
758938
469652
426902
908918
778751
279784
969547
521585
373230
329542
561464
763456
622502
793168
761865
926269
817557
337393
977375
660337
929186
246203
522377
953601
574148
553905
943646
885521
525973
492270
292152
700800
387208
792974
536360
799753
938342
651537
251729
657379
894538
707019
656136
776610
708244
637669
452498
435239
346911
900698
513554
916152
779353
827354
361804
448880
916135
415232
593478
357721
706939
870352
332595
981628
642762
704229
846445
899810
358030
522923
796032
734544
291027
759096
309602
244996
294402
933566
268556
884831
908734
730501
916544
449263
980264
547701
873275
278067
526053
271710
474469
564445
512088
901651
796766
525633
401699
288821
280561
370264
980487
506672
841081
279908
590998
834816
252304
400630
299538
418633
596073
247823
580901
577388
490547
955847
317192
482552
320444
556345
314579
876833
266257
266922
459637
793492
661315
690988
683788
949494
672515
261862
249716
704071
449499
785805
894614
931099
525515
916912
345869
479164
900412
561341
256973
947096
655339
537877
435324
800718
551664
844511
381706
945882
344882
730967
942036
476673
968376
449209
972033
245903
302033
860175
960926
861509
629750
446615
363542
443036
521716
942306
528633
278943
977018
615884
866969
570279
396061
886097
294354
306920
263167
370920
367031
809113
583107
947604
448472
792795
807116
728664
639789
267397
959205
410571
430701
255143
622763
557911
946625
410433
813570
712989
917427
294109
663957
769466
852836
478384
324315
806344
438934
546782
712444
517303
919399
955952
308971
644107
639377
837381
657644
957034
561656
673992
978401
955273
973977
412696
434834
834227
334190
846716
734107
868364
348176
782718
632666
489646
255797
662346
755813
277858
700919
902499
580170
730298
598720
754118
679999
943973
404311
975033
578865
922245
265868
899500
569755
801174
330318
823790
516845
569494
809923
355012
316575
934305
584914
539331
293315
384617
852045
307531
557884
878225
687160
799837
763285
624896
788064
629534
514372
937322
718622
437492
883227
705367
517892
412047
482012
583090
330575
768662
880439
274575
486379
472153
670786
458132
339486
352362
637413
639847
338893
815070
779499
712050
490443
583882
669199
597229
965255
376955
512578
734877
308341
750359
975917
837205
668924
939525
585000
723916
659827
661846
257988
558760
680854
527637
955596
543306
895358
802791
929184
434132
447901
689398
919065
476473
386896
927434
531130
280738
899921
616181
849332
893905
493290
295360
814525
445417
384611
656711
651949
437879
747847
707630
803800
795921
650621
854516
649786
436858
658900
416967
789776
597092
341962
933533
351237
784779
270292
552490
447671
860204
395867
630541
496457
839755
672302
864458
669756
602967
289494
920256
369572
895778
586653
656099
510705
660342
644732
546652
925033
938000
460783
504101
244236
506061
785583
744618
661027
253357
916321
979409
783308
368392
754154
817269
648156
733939
904684
492938
792082
677584
919239
674765
627586
417579
523584
877931
410367
659256
350838
868500
321439
466573
912403
289467
307467
792910
646405
477618
430172
517088
520711
254504
343253
562019
981099
793901
437078
522746
740138
831871
612448
969998
506105
600806
326571
960178
497991
269936
718494
793077
565498
577837
524286
777801
276722
396298
774260
883812
743824
561706
737496
669361
472419
900011
744515
454155
378743
759365
662452
800636
900383
868673
969481
747888
934151
800149
244772
736361
325394
625937
268769
868802
673818
548009
282034
360024
636861
601337
413777
355900
444357
728694
364273
456281
937891
965868
523115
921156
250265
837520
700816
563240
400682
486002
595895
825020
814471
746135
691845
919219
368097
407568
675112
677250
284118
840908
545551
301025
266720
471628
732320
776038
931900
280519
775821
702811
931996
537629
387693
731595
463716
547725
856444
271672
361712
380010
455038
258142
730669
684134
647065
305835
330952
479247
270763
596223
794619
877697
386431
845212
449094
663901
641935
977812
397646
343599
393683
784138
615756
456999
702256
935725
666792
828501
826968
407046
504580
850793
723052
931965
537232
949308
261112
696364
547728
259364
256544
826044
801145
753164
722523
313808
436974
669983
765841
979687
503024
348292
619482
787568
804764
848411
750197
694336
644184
503867
475100
617635
550247
627231
674336
558404
738588
860235
647506
546090
619993
929135
706547
666628
572107
